28  -1.40000 1.4000 -18.65 0.000 0.000 0.000
29  -4.20000  1.4000 -18.65 0.000 0.000 0.000
30  1.40000 1.4000 -18.65 0.000 0.000 0.000
31  4.20000  1.4000 -18.65 0.000 0.000 0.000
32  -1.40000 -1.4000 -18.65 0.000 0.000 0.000
33  -4.20000  -1.4000 -18.65 0.000 0.000 0.000
34  1.40000 -1.4000 -18.65 0.000 0.000 0.000
35  4.20000  -1.4000 -18.65 0.000 0.000 0.000
36  -4.20000 4.2000 -18.65 0.000 0.000 0.000
37 -1.40000 4.2000 -18.65 0.000 0.000 0.000
38  1.40000 4.2000 -18.65 0.000 0.000 0.000
39  4.20000 4.2000 -18.65 0.000 0.000 0.000
40  -4.20000 -4.2000 -18.65 0.000 0.000 0.000
41  -1.40000 -4.2000 -18.65 0.000 0.000 0.000
42  1.40000 -4.2000 -18.65 0.000 0.000 0.000
43  4.20000 -4.2000 -18.65 0.000 0.000 0.000
44  0.0000 7.0000 -18.65 0.000 0.000 0.000
45  2.80000 7.0000 -18.65 0.000 0.000 0.000
46  -2.80000 7.0000 -18.65 0.000 0.000 0.000
47  0.0000 -7.0000 -18.65 0.000 0.000 0.000
48  2.80000 -7.0000 -18.65 0.000 0.000 0.000
49  -2.80000 -7.0000 -18.65 0.000 0.000 0.000
50  7.0000 0.0000 -18.65 0.000 0.000 0.000
51  7.0000 2.8000 -18.65 0.000 0.000 0.000
52  7.0000 -2.8000 -18.65 0.000 0.000 0.000
53  -7.0000 0.0000 -18.65 0.000 0.000 0.000
54  -7.0000 2.8000 -18.65 0.000 0.000 0.000
55  -7.0000 -2.8000 -18.65 0.000 0.000 0.000