28
0 -1.40000 1.4000 10.92000 0.000 0.000
1 -4.20000 1.4000 10.92000 0.000 0.000
2 1.40000 1.4000 10.92000 0.000 0.000
3 4.20000 1.4000 10.92000 0.000 0.000
4 -1.40000 -1.4000 10.92000 0.000 0.000
5 -4.20000 -1.4000 10.92000 0.000 0.000
6 1.40000 -1.4000 10.92000 0.000 0.000
7 4.20000 -1.4000 10.92000 0.000 0.000
8 -4.20000 4.2000 10.92000 0.000 0.000
9 -1.40000 4.2000 10.92000 0.000 0.000
10 1.40000 4.2000 10.92000 0.000 0.000
11 4.20000 4.2000 10.92000 0.000 0.000
12 -4.20000 -4.2000 10.92000 0.000 0.000
13 -1.40000 -4.2000 10.92000 0.000 0.000
14 1.40000 -4.2000 10.92000 0.000 0.000
15 4.20000 -4.2000 10.92000 0.000 0.000
16 0.0000 7.0000 10.92000 0.000 0.000
17 2.80000 7.0000 10.92000 0.000 0.000
18 -2.80000 7.0000 10.92000 0.000 0.000
19 0.0000 -7.0000 10.92000 0.000 0.000
20 2.80000 -7.0000 10.92000 0.000 0.000
21 -2.80000 -7.0000 10.92000 0.000 0.000
22 7.0000 0.0000 10.92000 0.000 0.000
23 7.0000 2.8000 10.92000 0.000 0.000
24 7.0000 -2.8000 10.92000 0.000 0.000
25 -7.0000 0.0000 10.92000 0.000 0.000
26 -7.0000 2.8000 10.92000 0.000 0.000
27 -7.0000 -2.8000 10.92000 0.000 0.000